    88
OAT3-36        0.000  0.873  0.887  0.887  0.845  0.873  0.881  0.836 
           0.851  0.845  0.849  0.887  0.845  0.845  0.845  0.859 
           0.845  0.881  0.836  0.873  0.873  0.859  0.873  0.845 
           0.845  0.851  0.845  0.845  0.845  0.845  0.845  0.836 
           0.845  0.845  0.882  0.873  0.859  0.887  0.887  0.859 
           0.859  0.851  0.866  0.851  0.866  0.881  0.896  0.881 
           0.881  0.845  0.845  0.859  0.845  0.870  0.859  0.845 
           0.845  0.859  0.859  0.859  0.859  0.845  0.887  0.859 
           0.859  0.845  0.887  0.873  0.851  0.896  0.866  0.851 
           0.851  0.896  0.859  0.873  0.845  0.845  0.845  0.887 
           0.845  0.887  0.887  0.859  0.873  0.887  0.887  0.917 
OAT3-85        0.873  0.000  0.279  0.333  0.314  0.320  0.381  0.358 
           0.366  0.379  0.362  0.314  0.364  0.248  0.311  0.356 
           0.377  0.364  0.373  0.316  0.303  0.317  0.306  0.366 
           0.318  0.378  0.338  0.325  0.325  0.331  0.331  0.386 
           0.312  0.318  0.406  0.197  0.342  0.279  0.275  0.317 
           0.317  0.370  0.366  0.381  0.338  0.293  0.308  0.361 
           0.403  0.208  0.351  0.344  0.289  0.293  0.342  0.304 
           0.317  0.298  0.298  0.311  0.311  0.310  0.210  0.335 
           0.318  0.342  0.250  0.256  0.381  0.292  0.358  0.383 
           0.381  0.351  0.259  0.250  0.304  0.354  0.319  0.236 
           0.319  0.250  0.287  0.304  0.269  0.231  0.250  0.211 
OAT3-18        0.887  0.279  0.000  0.301  0.294  0.279  0.358  0.312 
           0.294  0.301  0.341  0.287  0.333  0.240  0.250  0.331 
           0.346  0.330  0.349  0.294  0.279  0.272  0.267  0.324 
           0.257  0.321  0.279  0.265  0.265  0.272  0.272  0.321 
           0.250  0.257  0.329  0.244  0.279  0.228  0.289  0.250 
           0.243  0.312  0.330  0.339  0.321  0.296  0.315  0.380 
           0.349  0.210  0.301  0.287  0.279  0.299  0.294  0.221 
           0.235  0.228  0.272  0.243  0.265  0.216  0.237  0.309 
           0.287  0.316  0.252  0.244  0.294  0.283  0.266  0.315 
           0.321  0.367  0.268  0.244  0.235  0.294  0.274  0.252 
           0.259  0.237  0.274  0.250  0.267  0.230  0.230  0.152 
mPGPA6         0.887  0.333  0.301  0.000  0.078  0.058  0.071  0.268 
           0.260  0.253  0.307  0.299  0.287  0.223  0.208  0.201 
           0.303  0.288  0.283  0.299  0.286  0.260  0.268  0.260 
           0.253  0.291  0.260  0.253  0.253  0.260  0.260  0.291 
           0.240  0.240  0.287  0.250  0.260  0.275  0.275  0.279 
           0.240  0.283  0.283  0.283  0.315  0.325  0.341  0.349 
           0.260  0.248  0.279  0.266  0.219  0.248  0.240  0.221 
           0.234  0.201  0.227  0.221  0.234  0.212  0.255  0.279 
           0.234  0.242  0.255  0.275  0.268  0.309  0.268  0.278 
           0.260  0.339  0.294  0.248  0.227  0.234  0.235  0.268 
           0.255  0.268  0.261  0.214  0.255  0.255  0.255  0.036 
mPGPc6         0.845  0.314  0.294  0.078  0.000  0.052  0.063  0.189 
           0.181  0.279  0.288  0.292  0.227  0.231  0.208  0.214 
           0.250  0.272  0.291  0.286  0.273  0.240  0.268  0.214 
           0.188  0.220  0.201  0.188  0.188  0.195  0.195  0.220 
           0.175  0.182  0.245  0.234  0.214  0.235  0.242  0.214 
           0.188  0.220  0.220  0.228  0.283  0.302  0.325  0.310 
           0.276  0.192  0.227  0.214  0.159  0.235  0.188  0.156 
           0.169  0.214  0.247  0.240  0.182  0.205  0.235  0.253 
           0.182  0.203  0.242  0.261  0.205  0.285  0.205  0.206 
           0.205  0.323  0.265  0.242  0.175  0.195  0.183  0.248 
           0.196  0.248  0.248  0.149  0.242  0.235  0.235  0.018 
mPGPc5         0.873  0.320  0.279  0.058  0.052  0.000  0.008  0.228 
           0.228  0.292  0.288  0.286  0.253  0.238  0.214  0.227 
           0.283  0.288  0.307  0.292  0.279  0.253  0.275  0.234 
           0.214  0.252  0.227  0.214  0.214  0.221  0.221  0.252 
           0.201  0.208  0.287  0.242  0.247  0.242  0.268  0.240 
           0.214  0.260  0.268  0.268  0.291  0.310  0.341  0.325 
           0.283  0.232  0.253  0.240  0.192  0.242  0.227  0.182 
           0.195  0.227  0.253  0.247  0.208  0.219  0.235  0.260 
           0.208  0.216  0.255  0.275  0.244  0.309  0.236  0.238 
           0.228  0.339  0.272  0.255  0.208  0.234  0.203  0.255 
           0.222  0.261  0.268  0.188  0.255  0.255  0.255  0.018 
FluoresceinB3  0.881  0.381  0.358  0.071  0.063  0.008  0.000  0.220 
           0.228  0.315  0.310  0.315  0.276  0.301  0.260  0.244 
           0.328  0.280  0.307  0.331  0.331  0.291  0.294  0.252 
           0.268  0.260  0.260  0.252  0.252  0.252  0.252  0.260 
           0.252  0.260  0.287  0.307  0.276  0.294  0.302  0.268 
           0.244  0.260  0.268  0.268  0.291  0.302  0.333  0.325 
           0.283  0.296  0.307  0.291  0.234  0.295  0.260  0.228 
           0.228  0.276  0.307  0.299  0.236  0.266  0.278  0.315 
           0.244  0.262  0.302  0.325  0.244  0.309  0.236  0.238 
           0.228  0.331  0.339  0.302  0.252  0.283  0.246  0.302 
           0.270  0.310  0.317  0.228  0.302  0.310  0.310  0.036 
OSCA1.2b4      0.836  0.358  0.312  0.268  0.189  0.228  0.220  0.000 
           0.030  0.296  0.328  0.315  0.248  0.272  0.259  0.284 
           0.276  0.278  0.267  0.310  0.310  0.319  0.261  0.200 
           0.195  0.180  0.180  0.172  0.172  0.172  0.172  0.180 
           0.172  0.180  0.206  0.287  0.230  0.273  0.291  0.207 
           0.193  0.180  0.222  0.222  0.284  0.291  0.291  0.343 
           0.296  0.235  0.227  0.211  0.175  0.298  0.222  0.170 
           0.170  0.237  0.281  0.289  0.185  0.250  0.260  0.311 
           0.188  0.198  0.299  0.291  0.178  0.275  0.178  0.216 
           0.200  0.326  0.294  0.269  0.193  0.244  0.246  0.275 
           0.209  0.284  0.313  0.163  0.276  0.284  0.291  0.033 
OSCAr1-c5      0.851  0.366  0.294  0.260  0.181  0.228  0.228  0.030 
           0.000  0.274  0.321  0.300  0.240  0.252  0.244  0.261 
           0.276  0.286  0.252  0.295  0.295  0.304  0.269  0.200 
           0.195  0.180  0.180  0.172  0.172  0.172  0.172  0.180 
           0.172  0.180  0.196  0.267  0.222  0.258  0.299  0.207 
           0.185  0.172  0.215  0.215  0.269  0.291  0.284  0.328 
           0.281  0.214  0.219  0.203  0.167  0.290  0.215  0.170 
           0.170  0.215  0.259  0.274  0.193  0.227  0.260  0.296 
           0.195  0.206  0.306  0.299  0.170  0.267  0.170  0.209 
           0.200  0.333  0.275  0.276  0.185  0.230  0.239  0.282 
           0.201  0.291  0.321  0.156  0.291  0.276  0.284  0.033 
OAT3-64        0.845  0.379  0.301  0.253  0.279  0.292  0.315  0.296 
           0.274  0.000  0.248  0.229  0.257  0.177  0.222  0.217 
           0.312  0.278  0.289  0.263  0.276  0.259  0.248  0.259 
           0.271  0.242  0.226  0.239  0.239  0.232  0.232  0.266 
           0.252  0.245  0.304  0.266  0.241  0.258  0.292  0.284 
           0.253  0.242  0.304  0.311  0.276  0.276  0.328  0.351 
           0.274  0.176  0.277  0.265  0.242  0.252  0.278  0.265 
           0.253  0.198  0.235  0.228  0.272  0.239  0.278  0.302 
           0.265  0.281  0.298  0.311  0.281  0.305  0.267  0.321 
           0.296  0.326  0.331  0.280  0.253  0.278  0.298  0.291 
           0.286  0.304  0.292  0.284  0.304  0.292  0.286  0.123 
OAT3-65        0.849  0.362  0.341  0.307  0.288  0.288  0.310  0.328 
           0.321  0.248  0.000  0.210  0.285  0.264  0.280  0.261 
           0.346  0.303  0.328  0.245  0.258  0.241  0.287  0.280 
           0.279  0.315  0.273  0.273  0.273  0.266  0.266  0.315 
           0.286  0.292  0.337  0.219  0.272  0.227  0.292  0.292 
           0.292  0.283  0.313  0.343  0.241  0.263  0.338  0.301 
           0.276  0.250  0.312  0.299  0.243  0.240  0.304  0.292 
           0.280  0.267  0.296  0.298  0.280  0.264  0.280  0.273 
           0.266  0.309  0.306  0.311  0.321  0.275  0.321  0.338 
           0.328  0.306  0.289  0.287  0.304  0.335  0.331  0.287 
           0.319  0.300  0.306  0.292  0.312  0.275  0.281  0.105 
OAT3-92        0.887  0.314  0.287  0.299  0.292  0.286  0.315  0.315 
           0.300  0.229  0.210  0.000  0.253  0.231  0.248  0.234 
           0.316  0.273  0.308  0.169  0.182  0.196  0.237  0.274 
           0.286  0.307  0.266  0.266  0.266  0.260  0.260  0.315 
           0.279  0.286  0.299  0.195  0.247  0.190  0.242  0.255 
           0.268  0.283  0.308  0.323  0.154  0.209  0.256  0.287 
           0.254  0.224  0.292  0.279  0.258  0.195  0.299  0.268 
           0.255  0.242  0.259  0.236  0.274  0.208  0.216  0.223 
           0.266  0.294  0.250  0.248  0.300  0.238  0.308  0.295 
           0.323  0.223  0.257  0.231  0.274  0.318  0.288  0.250 
           0.288  0.250  0.256  0.287  0.256  0.250  0.250  0.073 
OAT3-48        0.845  0.364  0.333  0.287  0.227  0.253  0.276  0.248 
           0.240  0.257  0.285  0.253  0.000  0.302  0.276  0.224 
           0.238  0.312  0.328  0.296  0.309  0.276  0.250  0.224 
           0.225  0.218  0.192  0.192  0.192  0.185  0.185  0.226 
           0.205  0.212  0.250  0.315  0.197  0.283  0.265  0.211 
           0.217  0.202  0.224  0.264  0.296  0.296  0.304  0.360 
           0.312  0.256  0.238  0.225  0.211  0.267  0.224  0.217 
           0.204  0.270  0.276  0.296  0.230  0.248  0.289  0.283 
           0.219  0.233  0.296  0.309  0.264  0.287  0.240  0.136 
           0.248  0.288  0.326  0.270  0.217  0.237  0.138  0.283 
           0.197  0.289  0.303  0.204  0.270  0.276  0.270  0.123 
OAT3-53        0.845  0.248  0.240  0.223  0.231  0.238  0.301  0.272 
           0.252  0.177  0.264  0.231  0.302  0.000  0.060  0.208 
           0.318  0.262  0.262  0.277  0.262  0.215  0.248  0.246 
           0.231  0.252  0.231  0.231  0.231  0.238  0.238  0.282 
           0.215  0.208  0.286  0.200  0.223  0.215  0.279  0.269 
           0.215  0.252  0.282  0.320  0.243  0.275  0.304  0.333 
           0.223  0.136  0.254  0.238  0.208  0.234  0.254  0.200 
           0.215  0.123  0.162  0.154  0.231  0.181  0.248  0.229 
           0.215  0.246  0.233  0.248  0.272  0.293  0.252  0.314 
           0.282  0.311  0.252  0.233  0.200  0.231  0.256  0.248 
           0.248  0.256  0.256  0.223  0.264  0.248  0.248  0.029 
C1             0.845  0.311  0.250  0.208  0.208  0.214  0.260  0.259 
           0.244  0.222  0.280  0.248  0.276  0.060  0.000  0.224 
           0.299  0.278  0.259  0.250  0.237  0.247  0.248  0.241 
           0.226  0.250  0.239  0.226  0.226  0.232  0.232  0.266 
           0.213  0.219  0.294  0.188  0.259  0.213  0.255  0.265 
           0.210  0.250  0.304  0.289  0.276  0.299  0.284  0.321 
           0.259  0.144  0.252  0.239  0.196  0.219  0.247  0.210 
           0.222  0.142  0.167  0.173  0.210  0.195  0.234  0.258 
           0.219  0.222  0.255  0.261  0.259  0.282  0.252  0.291 
           0.267  0.319  0.248  0.224  0.210  0.235  0.248  0.241 
           0.255  0.255  0.255  0.210  0.248  0.248  0.248  0.018 
OAT3-90        0.859  0.356  0.331  0.201  0.214  0.227  0.244  0.284 
           0.261  0.217  0.261  0.234  0.224  0.208  0.224  0.000 
           0.286  0.303  0.239  0.263  0.276  0.235  0.263  0.255 
           0.239  0.258  0.219  0.219  0.219  0.213  0.213  0.250 
           0.232  0.239  0.257  0.242  0.228  0.271  0.286  0.261 
           0.236  0.242  0.269  0.276  0.269  0.286  0.301  0.338 
           0.246  0.216  0.265  0.258  0.209  0.225  0.242  0.267 
           0.255  0.217  0.204  0.236  0.267  0.228  0.280  0.255 
           0.252  0.235  0.294  0.311  0.306  0.292  0.284  0.301 
           0.291  0.299  0.279  0.269  0.255  0.280  0.256  0.291 
           0.306  0.287  0.281  0.248  0.250  0.287  0.287  0.088 
OAT3-84        0.845  0.377  0.346  0.303  0.250  0.283  0.328  0.276 
           0.276  0.312  0.346  0.316  0.238  0.318  0.299  0.286 
           0.000  0.333  0.394  0.325  0.325  0.305  0.275  0.273 
           0.209  0.238  0.196  0.196  0.196  0.190  0.190  0.222 
           0.196  0.203  0.309  0.331  0.227  0.305  0.327  0.214 
           0.253  0.238  0.283  0.299  0.339  0.357  0.357  0.389 
           0.362  0.264  0.242  0.235  0.224  0.280  0.260  0.234 
           0.234  0.299  0.299  0.312  0.260  0.272  0.288  0.299 
           0.242  0.237  0.294  0.327  0.268  0.341  0.291  0.270 
           0.315  0.354  0.321  0.301  0.227  0.260  0.235  0.288 
           0.261  0.301  0.320  0.240  0.288  0.314  0.314  0.105 
oscar1c5       0.881  0.364  0.330  0.288  0.272  0.288  0.280  0.278 
           0.286  0.278  0.303  0.273  0.312  0.262  0.278  0.303 
           0.333  0.000  0.308  0.299  0.299  0.278  0.273  0.293 
           0.262  0.278  0.262  0.254  0.254  0.254  0.254  0.262 
           0.254  0.262  0.290  0.248  0.233  0.276  0.250  0.301 
           0.278  0.198  0.263  0.308  0.258  0.242  0.265  0.333 
           0.286  0.204  0.278  0.262  0.262  0.258  0.308  0.271 
           0.271  0.241  0.301  0.278  0.278  0.285  0.240  0.316 
           0.238  0.296  0.265  0.258  0.263  0.256  0.271  0.326 
           0.293  0.271  0.336  0.265  0.256  0.316  0.326  0.233 
           0.333  0.288  0.280  0.278  0.288  0.273  0.258  0.100 
FluoresceinB9  0.836  0.373  0.349  0.283  0.291  0.307  0.307  0.267 
           0.252  0.289  0.328  0.308  0.328  0.262  0.259  0.239 
           0.394  0.308  0.000  0.310  0.310  0.326  0.306  0.319 
           0.281  0.289  0.289  0.281  0.281  0.281  0.281  0.289 
           0.281  0.289  0.216  0.277  0.304  0.289  0.328  0.304 
           0.296  0.273  0.289  0.304  0.306  0.306  0.284  0.336 
           0.289  0.265  0.320  0.305  0.222  0.282  0.304  0.289 
           0.289  0.237  0.222  0.252  0.289  0.273  0.290  0.333 
           0.297  0.302  0.336  0.313  0.304  0.282  0.252  0.328 
           0.304  0.348  0.339  0.284  0.281  0.311  0.313  0.305 
           0.321  0.313  0.336  0.281  0.313  0.284  0.291  0.067 
OAT3-61        0.873  0.316  0.294  0.299  0.286  0.292  0.331  0.310 
           0.295  0.263  0.245  0.169  0.296  0.277  0.250  0.263 
           0.325  0.299  0.310  0.000  0.013  0.205  0.245  0.308 
           0.297  0.328  0.277  0.277  0.277  0.271  0.271  0.328 
           0.290  0.297  0.312  0.195  0.269  0.232  0.239  0.276 
           0.263  0.336  0.310  0.326  0.194  0.250  0.273  0.266 
           0.287  0.248  0.329  0.316  0.275  0.225  0.282  0.256 
           0.244  0.237  0.250  0.231  0.256  0.216  0.232  0.244 
           0.297  0.333  0.219  0.232  0.310  0.256  0.302  0.297 
           0.318  0.279  0.257  0.226  0.276  0.308  0.284  0.239 
           0.277  0.232  0.245  0.288  0.239  0.245  0.245  0.105 
OAT3-71        0.873  0.303  0.279  0.286  0.273  0.279  0.331  0.310 
           0.295  0.276  0.258  0.182  0.309  0.262  0.237  0.276 
           0.325  0.299  0.310  0.013  0.000  0.205  0.258  0.314 
           0.284  0.328  0.290  0.277  0.277  0.284  0.284  0.328 
           0.277  0.284  0.312  0.180  0.282  0.219  0.239  0.263 
           0.263  0.336  0.310  0.326  0.194  0.250  0.273  0.266 
           0.287  0.232  0.316  0.303  0.261  0.212  0.282  0.244 
           0.244  0.224  0.237  0.218  0.244  0.203  0.219  0.231 
           0.284  0.320  0.206  0.219  0.310  0.256  0.302  0.297 
           0.318  0.279  0.243  0.213  0.263  0.295  0.271  0.226 
           0.265  0.219  0.232  0.276  0.226  0.232  0.232  0.070 
OAT3-89        0.859  0.317  0.272  0.260  0.240  0.253  0.291  0.319 
           0.304  0.259  0.241  0.196  0.276  0.215  0.247  0.235 
           0.305  0.278  0.326  0.205  0.205  0.000  0.273  0.284 
           0.258  0.297  0.252  0.239  0.239  0.245  0.245  0.297 
           0.252  0.258  0.304  0.156  0.245  0.187  0.259  0.278 
           0.235  0.266  0.281  0.341  0.201  0.261  0.291  0.276 
           0.267  0.168  0.284  0.271  0.203  0.179  0.265  0.241 
           0.228  0.235  0.276  0.247  0.259  0.195  0.234  0.228 
           0.252  0.261  0.242  0.272  0.296  0.244  0.289  0.321 
           0.304  0.252  0.243  0.248  0.253  0.302  0.298  0.247 
           0.292  0.267  0.267  0.272  0.273  0.261  0.248  0.070 
OAT3-93        0.873  0.306  0.267  0.268  0.268  0.275  0.294  0.261 
           0.269  0.248  0.287  0.237  0.250  0.248  0.248  0.263 
           0.275  0.273  0.306  0.245  0.258  0.273  0.000  0.267 
           0.279  0.291  0.253  0.253  0.253  0.247  0.247  0.299 
           0.266  0.273  0.317  0.252  0.230  0.266  0.219  0.261 
           0.230  0.260  0.313  0.313  0.271  0.231  0.239  0.306 
           0.291  0.240  0.273  0.260  0.230  0.247  0.248  0.248 
           0.236  0.230  0.273  0.261  0.242  0.253  0.203  0.311 
           0.253  0.283  0.224  0.230  0.269  0.244  0.261  0.291 
           0.284  0.291  0.326  0.205  0.248  0.280  0.273  0.196 
           0.267  0.217  0.242  0.255  0.230  0.230  0.236  0.088 
H11            0.845  0.366  0.324  0.260  0.214  0.234  0.252  0.200 
           0.200  0.259  0.280  0.274  0.224  0.246  0.241  0.255 
           0.273  0.293  0.319  0.308  0.314  0.284  0.267  0.000 
           0.219  0.234  0.206  0.206  0.206  0.200  0.200  0.234 
           0.213  0.219  0.275  0.273  0.204  0.277  0.292  0.235 
           0.222  0.203  0.244  0.274  0.306  0.306  0.328  0.366 
           0.289  0.208  0.239  0.226  0.176  0.285  0.228  0.216 
           0.210  0.259  0.278  0.284  0.204  0.252  0.272  0.284 
           0.206  0.209  0.298  0.317  0.215  0.313  0.237  0.261 
           0.170  0.326  0.324  0.273  0.216  0.241  0.267  0.278 
           0.248  0.298  0.317  0.204  0.292  0.292  0.292  0.088 
OAT3-75        0.845  0.318  0.257  0.253  0.188  0.214  0.268  0.195 
           0.195  0.271  0.279  0.286  0.225  0.231  0.226  0.239 
           0.209  0.262  0.281  0.297  0.284  0.258  0.279  0.219 
           0.000  0.047  0.045  0.032  0.032  0.039  0.039  0.031 
           0.019  0.026  0.200  0.234  0.181  0.234  0.260  0.187 
           0.194  0.172  0.195  0.219  0.273  0.283  0.283  0.346 
           0.312  0.184  0.187  0.174  0.132  0.227  0.187  0.123 
           0.135  0.226  0.226  0.258  0.200  0.217  0.240  0.258 
           0.187  0.163  0.240  0.260  0.219  0.274  0.211  0.260 
           0.219  0.312  0.257  0.247  0.161  0.200  0.201  0.247 
           0.214  0.253  0.266  0.155  0.227  0.247  0.240  0.054 
OSCa1.2        0.851  0.378  0.321  0.291  0.220  0.252  0.260  0.180 
           0.180  0.242  0.315  0.307  0.218  0.252  0.250  0.258 
           0.238  0.278  0.289  0.328  0.328  0.297  0.291  0.234 
           0.047  0.000  0.016  0.023  0.023  0.023  0.023  0.031 
           0.023  0.016  0.189  0.327  0.180  0.283  0.299  0.195 
           0.203  0.156  0.188  0.211  0.273  0.276  0.276  0.339 
           0.305  0.224  0.211  0.195  0.152  0.268  0.203  0.133 
           0.133  0.242  0.242  0.297  0.227  0.248  0.283  0.305 
           0.219  0.190  0.283  0.307  0.203  0.266  0.195  0.236 
           0.219  0.305  0.321  0.283  0.180  0.227  0.220  0.291 
           0.236  0.299  0.315  0.172  0.268  0.291  0.283  0.103 
OAT3-28        0.845  0.338  0.279  0.260  0.201  0.227  0.260  0.180 
           0.180  0.226  0.273  0.266  0.192  0.231  0.239  0.219 
           0.196  0.262  0.289  0.277  0.290  0.252  0.253  0.206 
           0.045  0.016  0.000  0.013  0.013  0.006  0.006  0.016 
           0.026  0.019  0.189  0.273  0.148  0.260  0.253  0.187 
           0.174  0.156  0.188  0.211  0.273  0.283  0.283  0.346 
           0.305  0.200  0.194  0.181  0.145  0.247  0.174  0.129 
           0.116  0.232  0.232  0.271  0.200  0.224  0.260  0.271 
           0.200  0.176  0.260  0.279  0.203  0.274  0.195  0.244 
           0.219  0.312  0.272  0.260  0.168  0.213  0.208  0.266 
           0.221  0.273  0.286  0.161  0.247  0.266  0.260  0.125 
OAT3-59        0.845  0.325  0.265  0.253  0.188  0.214  0.252  0.172 
           0.172  0.239  0.273  0.266  0.192  0.231  0.226  0.219 
           0.196  0.254  0.281  0.277  0.277  0.239  0.253  0.206 
           0.032  0.023  0.013  0.000  0.000  0.006  0.006  0.008 
           0.013  0.019  0.189  0.258  0.148  0.247  0.240  0.174 
           0.161  0.148  0.180  0.203  0.266  0.276  0.276  0.339 
           0.297  0.184  0.181  0.168  0.132  0.233  0.161  0.116 
           0.103  0.219  0.219  0.258  0.187  0.211  0.247  0.258 
           0.187  0.163  0.247  0.266  0.195  0.266  0.188  0.236 
           0.211  0.305  0.257  0.247  0.155  0.200  0.195  0.253 
           0.208  0.260  0.273  0.148  0.234  0.253  0.247  0.089 
OAT3-17        0.845  0.325  0.265  0.253  0.188  0.214  0.252  0.172 
           0.172  0.239  0.273  0.266  0.192  0.231  0.226  0.219 
           0.196  0.254  0.281  0.277  0.277  0.239  0.253  0.206 
           0.032  0.023  0.013  0.000  0.000  0.006  0.006  0.008 
           0.013  0.019  0.189  0.258  0.148  0.247  0.240  0.174 
           0.161  0.148  0.180  0.203  0.266  0.276  0.276  0.339 
           0.297  0.184  0.181  0.168  0.132  0.233  0.161  0.116 
           0.103  0.219  0.219  0.258  0.187  0.211  0.247  0.258 
           0.187  0.163  0.247  0.266  0.195  0.266  0.188  0.236 
           0.211  0.305  0.257  0.247  0.155  0.200  0.195  0.253 
           0.208  0.260  0.273  0.148  0.234  0.253  0.247  0.089 
OAT3-2         0.845  0.331  0.272  0.260  0.195  0.221  0.252  0.172 
           0.172  0.232  0.266  0.260  0.185  0.238  0.232  0.213 
           0.190  0.254  0.281  0.271  0.284  0.245  0.247  0.200 
           0.039  0.023  0.006  0.006  0.006  0.000  0.000  0.008 
           0.019  0.026  0.189  0.266  0.142  0.253  0.247  0.181 
           0.168  0.148  0.180  0.203  0.266  0.276  0.276  0.339 
           0.297  0.192  0.187  0.174  0.138  0.240  0.168  0.123 
           0.110  0.226  0.226  0.265  0.194  0.217  0.253  0.265 
           0.194  0.170  0.253  0.273  0.195  0.266  0.188  0.236 
           0.211  0.305  0.265  0.253  0.161  0.206  0.201  0.260 
           0.214  0.266  0.279  0.155  0.240  0.260  0.253  0.107 
OAT3-80        0.845  0.331  0.272  0.260  0.195  0.221  0.252  0.172 
           0.172  0.232  0.266  0.260  0.185  0.238  0.232  0.213 
           0.190  0.254  0.281  0.271  0.284  0.245  0.247  0.200 
           0.039  0.023  0.006  0.006  0.006  0.000  0.000  0.008 
           0.019  0.026  0.189  0.266  0.142  0.253  0.247  0.181 
           0.168  0.148  0.180  0.203  0.266  0.276  0.276  0.339 
           0.297  0.192  0.187  0.174  0.138  0.240  0.168  0.123 
           0.110  0.226  0.226  0.265  0.194  0.217  0.253  0.265 
           0.194  0.170  0.253  0.273  0.195  0.266  0.188  0.236 
           0.211  0.305  0.265  0.253  0.161  0.206  0.201  0.260 
           0.214  0.266  0.279  0.155  0.240  0.260  0.253  0.107 
OSCA1.2A12     0.836  0.386  0.321  0.291  0.220  0.252  0.260  0.180 
           0.180  0.266  0.315  0.315  0.226  0.282  0.266  0.250 
           0.222  0.262  0.289  0.328  0.328  0.297  0.299  0.234 
           0.031  0.031  0.016  0.008  0.008  0.008  0.008  0.000 
           0.008  0.016  0.189  0.307  0.180  0.291  0.299  0.195 
           0.203  0.156  0.188  0.211  0.273  0.283  0.283  0.346 
           0.305  0.224  0.211  0.195  0.152  0.268  0.203  0.133 
           0.133  0.258  0.242  0.297  0.227  0.232  0.291  0.305 
           0.219  0.183  0.283  0.307  0.203  0.274  0.195  0.244 
           0.219  0.312  0.312  0.283  0.180  0.234  0.228  0.299 
           0.244  0.299  0.315  0.172  0.268  0.299  0.291  0.103 
OAT3-74        0.845  0.312  0.250  0.240  0.175  0.201  0.252  0.172 
           0.172  0.252  0.286  0.279  0.205  0.215  0.213  0.232 
           0.196  0.254  0.281  0.290  0.277  0.252  0.266  0.213 
           0.019  0.023  0.026  0.013  0.013  0.019  0.019  0.008 
           0.000  0.006  0.189  0.242  0.161  0.234  0.253  0.174 
           0.174  0.148  0.180  0.203  0.266  0.276  0.276  0.339 
           0.297  0.168  0.168  0.155  0.118  0.220  0.174  0.103 
           0.116  0.206  0.206  0.245  0.187  0.197  0.234  0.245 
           0.174  0.150  0.234  0.253  0.195  0.266  0.188  0.236 
           0.211  0.305  0.243  0.234  0.142  0.187  0.182  0.240 
           0.195  0.247  0.260  0.135  0.221  0.240  0.234  0.054 
OAT3-12        0.845  0.318  0.257  0.240  0.182  0.208  0.260  0.180 
           0.180  0.245  0.292  0.286  0.212  0.208  0.219  0.239 
           0.203  0.262  0.289  0.297  0.284  0.258  0.273  0.219 
           0.026  0.016  0.019  0.019  0.019  0.026  0.026  0.016 
           0.006  0.000  0.189  0.250  0.168  0.240  0.260  0.181 
           0.181  0.156  0.188  0.211  0.273  0.283  0.283  0.346 
           0.305  0.176  0.174  0.161  0.125  0.227  0.181  0.110 
           0.123  0.213  0.213  0.252  0.194  0.204  0.240  0.252 
           0.181  0.157  0.240  0.260  0.203  0.274  0.195  0.244 
           0.219  0.312  0.250  0.240  0.148  0.194  0.188  0.247 
           0.201  0.253  0.266  0.142  0.227  0.247  0.240  0.071 
OAT3-32        0.882  0.406  0.329  0.287  0.245  0.287  0.287  0.206 
           0.196  0.304  0.337  0.299  0.250  0.286  0.294  0.257 
           0.309  0.290  0.216  0.312  0.312  0.304  0.317  0.275 
           0.200  0.189  0.189  0.189  0.189  0.189  0.189  0.189 
           0.189  0.189  0.000  0.235  0.216  0.242  0.327  0.206 
           0.235  0.168  0.196  0.235  0.307  0.277  0.257  0.337 
           0.324  0.231  0.253  0.232  0.151  0.247  0.206  0.206 
           0.206  0.255  0.245  0.275  0.225  0.263  0.265  0.324 
           0.232  0.204  0.317  0.287  0.225  0.286  0.186  0.287 
           0.216  0.314  0.329  0.297  0.186  0.265  0.277  0.296 
           0.257  0.307  0.327  0.167  0.287  0.277  0.257  0.043 
OAT3-23        0.873  0.197  0.244  0.250  0.234  0.242  0.307  0.287 
           0.267  0.266  0.219  0.195  0.315  0.200  0.188  0.242 
           0.331  0.248  0.277  0.195  0.180  0.156  0.252  0.273 
           0.234  0.327  0.273  0.258  0.258  0.266  0.266  0.307 
           0.242  0.250  0.235  0.000  0.250  0.164  0.220  0.242 
           0.227  0.287  0.277  0.307  0.149  0.230  0.250  0.250 
           0.248  0.195  0.289  0.273  0.227  0.190  0.250  0.211 
           0.227  0.180  0.211  0.172  0.211  0.173  0.189  0.180 
           0.227  0.234  0.189  0.181  0.267  0.242  0.267  0.280 
           0.277  0.257  0.157  0.181  0.211  0.258  0.244  0.189 
           0.244  0.213  0.205  0.219  0.213  0.189  0.189  0.053 
OAT3-51        0.859  0.342  0.279  0.260  0.214  0.247  0.276  0.230 
           0.222  0.241  0.272  0.247  0.197  0.223  0.259  0.228 
           0.227  0.233  0.304  0.269  0.282  0.245  0.230  0.204 
           0.181  0.180  0.148  0.148  0.148  0.142  0.142  0.180 
           0.161  0.168  0.216  0.250  0.000  0.232  0.284  0.210 
           0.185  0.094  0.197  0.237  0.261  0.284  0.269  0.351 
           0.281  0.176  0.200  0.187  0.131  0.219  0.179  0.191 
           0.179  0.235  0.267  0.265  0.204  0.208  0.247  0.265 
           0.194  0.170  0.267  0.259  0.170  0.267  0.207  0.254 
           0.244  0.296  0.294  0.248  0.130  0.210  0.236  0.259 
           0.242  0.267  0.292  0.173  0.267  0.267  0.267  0.070 
mPGPb6         0.887  0.279  0.228  0.275  0.235  0.242  0.294  0.273 
           0.258  0.258  0.227  0.190  0.283  0.215  0.213  0.271 
           0.305  0.276  0.289  0.232  0.219  0.187  0.266  0.277 
           0.234  0.283  0.260  0.247  0.247  0.253  0.253  0.291 
           0.234  0.240  0.242  0.164  0.232  0.000  0.273  0.226 
           0.226  0.276  0.250  0.289  0.211  0.252  0.276  0.276 
           0.258  0.184  0.266  0.253  0.209  0.192  0.258  0.200 
           0.213  0.187  0.226  0.226  0.219  0.171  0.208  0.213 
           0.240  0.261  0.214  0.227  0.266  0.226  0.250  0.276 
           0.281  0.281  0.222  0.227  0.213  0.265  0.247  0.208 
           0.240  0.214  0.234  0.213  0.240  0.214  0.208  0.053 
OAT3-1         0.887  0.275  0.289  0.275  0.242  0.268  0.302  0.291 
           0.299  0.292  0.292  0.242  0.265  0.279  0.255  0.286 
           0.327  0.250  0.328  0.239  0.239  0.259  0.219  0.292 
           0.260  0.299  0.253  0.240  0.240  0.247  0.247  0.299 
           0.253  0.260  0.327  0.220  0.284  0.273  0.000  0.273 
           0.248  0.268  0.336  0.313  0.271  0.248  0.256  0.293 
           0.321  0.226  0.273  0.260  0.257  0.247  0.267  0.261 
           0.248  0.255  0.296  0.267  0.248  0.266  0.197  0.311 
           0.240  0.276  0.212  0.236  0.299  0.246  0.291  0.301 
           0.313  0.284  0.289  0.200  0.267  0.298  0.287  0.210 
           0.269  0.225  0.200  0.261  0.244  0.206  0.212  0.070 
A3             0.859  0.317  0.250  0.279  0.214  0.240  0.268  0.207 
           0.207  0.284  0.292  0.255  0.211  0.269  0.265  0.261 
           0.214  0.301  0.304  0.276  0.263  0.278  0.261  0.235 
           0.187  0.195  0.187  0.174  0.174  0.181  0.181  0.195 
           0.174  0.181  0.206  0.242  0.210  0.226  0.273  0.000 
           0.185  0.180  0.230  0.244  0.299  0.276  0.291  0.336 
           0.311  0.208  0.213  0.200  0.157  0.232  0.185  0.191 
           0.191  0.241  0.247  0.259  0.185  0.239  0.253  0.272 
           0.194  0.190  0.273  0.267  0.215  0.290  0.200  0.246 
           0.222  0.319  0.287  0.273  0.179  0.228  0.211  0.247 
           0.236  0.248  0.286  0.173  0.248  0.255  0.267  0.070 
OAT3-91        0.859  0.317  0.243  0.240  0.188  0.214  0.244  0.193 
           0.185  0.253  0.292  0.268  0.217  0.215  0.210  0.236 
           0.253  0.278  0.296  0.263  0.263  0.235  0.230  0.222 
           0.194  0.203  0.174  0.161  0.161  0.168  0.168  0.203 
           0.174  0.181  0.235  0.227  0.185  0.226  0.248  0.185 
           0.000  0.172  0.230  0.252  0.291  0.284  0.306  0.321 
           0.289  0.176  0.206  0.194  0.163  0.252  0.185  0.154 
           0.142  0.216  0.241  0.222  0.179  0.182  0.234  0.272 
           0.187  0.190  0.261  0.273  0.170  0.260  0.126  0.231 
           0.200  0.326  0.272  0.248  0.167  0.216  0.211  0.253 
           0.211  0.255  0.261  0.160  0.255  0.242  0.248  0.070 
ABCC9D1        0.851  0.370  0.312  0.283  0.220  0.260  0.260  0.180 
           0.172  0.242  0.283  0.283  0.202  0.252  0.250  0.242 
           0.238  0.198  0.273  0.336  0.336  0.266  0.260  0.203 
           0.172  0.156  0.156  0.148  0.148  0.148  0.148  0.156 
           0.148  0.156  0.168  0.287  0.094  0.276  0.268  0.180 
           0.172  0.000  0.148  0.188  0.250  0.260  0.260  0.323 
           0.273  0.194  0.125  0.109  0.120  0.252  0.164  0.172 
           0.172  0.227  0.242  0.258  0.203  0.200  0.268  0.289 
           0.125  0.190  0.276  0.283  0.109  0.250  0.164  0.236 
           0.195  0.266  0.321  0.268  0.094  0.195  0.213  0.276 
           0.236  0.283  0.291  0.156  0.260  0.276  0.276  0.034 
ABCC9d36       0.866  0.366  0.330  0.283  0.220  0.268  0.268  0.222 
           0.215  0.304  0.313  0.308  0.224  0.282  0.304  0.269 
           0.283  0.263  0.289  0.310  0.310  0.281  0.313  0.244 
           0.195  0.188  0.188  0.180  0.180  0.180  0.180  0.188 
           0.180  0.188  0.196  0.277  0.197  0.250  0.336  0.230 
           0.230  0.148  0.000  0.237  0.254  0.269  0.284  0.351 
           0.304  0.245  0.211  0.195  0.127  0.226  0.230  0.230 
           0.230  0.281  0.285  0.304  0.252  0.273  0.260  0.296 
           0.203  0.206  0.261  0.306  0.222  0.252  0.230  0.261 
           0.237  0.289  0.312  0.284  0.207  0.259  0.246  0.282 
           0.276  0.313  0.336  0.163  0.284  0.261  0.269  0.067 
FluoresceinB7  0.851  0.381  0.339  0.283  0.228  0.268  0.268  0.222 
           0.215  0.311  0.343  0.323  0.264  0.320  0.289  0.276 
           0.299  0.308  0.304  0.326  0.326  0.341  0.313  0.274 
           0.219  0.211  0.211  0.203  0.203  0.203  0.203  0.211 
           0.203  0.211  0.235  0.307  0.237  0.289  0.313  0.244 
           0.252  0.188  0.237  0.000  0.313  0.313  0.291  0.336 
           0.311  0.276  0.258  0.242  0.167  0.282  0.244  0.222 
           0.222  0.281  0.281  0.311  0.267  0.295  0.290  0.311 
           0.258  0.230  0.313  0.328  0.230  0.305  0.237  0.276 
           0.267  0.319  0.321  0.299  0.207  0.252  0.254  0.305 
           0.284  0.299  0.313  0.200  0.261  0.306  0.313  0.033 
FluoresceinA7  0.866  0.338  0.321  0.315  0.283  0.291  0.291  0.284 
           0.269  0.276  0.241  0.154  0.296  0.243  0.276  0.269 
           0.339  0.258  0.306  0.194  0.194  0.201  0.271  0.306 
           0.273  0.273  0.273  0.266  0.266  0.266  0.266  0.273 
           0.266  0.273  0.307  0.149  0.261  0.211  0.271  0.299 
           0.291  0.250  0.254  0.313  0.000  0.218  0.263  0.271 
           0.254  0.224  0.297  0.281  0.246  0.194  0.313  0.269 
           0.269  0.254  0.291  0.269  0.284  0.206  0.215  0.201 
           0.250  0.317  0.271  0.256  0.291  0.208  0.291  0.293 
           0.313  0.239  0.229  0.248  0.299  0.343  0.308  0.237 
           0.308  0.278  0.293  0.284  0.286  0.256  0.256  0.033 
OSCA1.2A10     0.881  0.293  0.296  0.325  0.302  0.310  0.302  0.291 
           0.291  0.276  0.263  0.209  0.296  0.275  0.299  0.286 
           0.357  0.242  0.306  0.250  0.250  0.261  0.231  0.306 
           0.283  0.276  0.283  0.276  0.276  0.276  0.276  0.283 
           0.276  0.283  0.277  0.230  0.284  0.252  0.248  0.276 
           0.284  0.260  0.269  0.313  0.218  0.000  0.216  0.269 
           0.269  0.224  0.315  0.299  0.248  0.236  0.306  0.269 
           0.269  0.261  0.299  0.269  0.284  0.275  0.176  0.284 
           0.268  0.312  0.201  0.201  0.284  0.198  0.269  0.299 
           0.284  0.239  0.315  0.209  0.291  0.336  0.306  0.191 
           0.291  0.231  0.254  0.284  0.239  0.201  0.201  0.033 
FluoresceinB4  0.896  0.308  0.315  0.341  0.325  0.341  0.333  0.291 
           0.284  0.328  0.338  0.256  0.304  0.304  0.284  0.301 
           0.357  0.265  0.284  0.273  0.273  0.291  0.239  0.328 
           0.283  0.276  0.283  0.276  0.276  0.276  0.276  0.283 
           0.276  0.283  0.257  0.250  0.269  0.276  0.256  0.291 
           0.306  0.260  0.284  0.291  0.263  0.216  0.000  0.291 
           0.299  0.265  0.323  0.307  0.240  0.220  0.291  0.284 
           0.284  0.261  0.291  0.299  0.313  0.290  0.191  0.299 
           0.307  0.296  0.224  0.201  0.306  0.229  0.291  0.313 
           0.299  0.254  0.324  0.201  0.276  0.306  0.291  0.229 
           0.328  0.239  0.261  0.261  0.209  0.231  0.231  0.033 
FluoresceinB5  0.881  0.361  0.380  0.349  0.310  0.325  0.325  0.343 
           0.328  0.351  0.301  0.287  0.360  0.333  0.321  0.338 
           0.389  0.333  0.336  0.266  0.266  0.276  0.306  0.366 
           0.346  0.339  0.346  0.339  0.339  0.339  0.339  0.346 
           0.339  0.346  0.337  0.250  0.351  0.276  0.293  0.336 
           0.321  0.323  0.351  0.336  0.271  0.269  0.291  0.000 
           0.306  0.286  0.370  0.354  0.312  0.244  0.336  0.299 
           0.299  0.299  0.321  0.321  0.321  0.290  0.267  0.321 
           0.331  0.368  0.261  0.276  0.299  0.290  0.321  0.343 
           0.336  0.306  0.333  0.299  0.321  0.351  0.343  0.290 
           0.343  0.291  0.276  0.336  0.299  0.291  0.284  0.033 
ABCC9d4        0.881  0.403  0.349  0.260  0.276  0.283  0.283  0.296 
           0.281  0.274  0.276  0.254  0.312  0.223  0.259  0.246 
           0.362  0.286  0.289  0.287  0.287  0.267  0.291  0.289 
           0.312  0.305  0.305  0.297  0.297  0.297  0.297  0.305 
           0.297  0.305  0.324  0.248  0.281  0.258  0.321  0.311 
           0.289  0.273  0.304  0.311  0.254  0.269  0.299  0.306 
           0.000  0.224  0.312  0.297  0.270  0.250  0.311  0.289 
           0.289  0.252  0.281  0.289  0.296  0.235  0.275  0.252 
           0.273  0.310  0.321  0.313  0.289  0.290  0.281  0.306 
           0.304  0.304  0.294  0.284  0.296  0.319  0.321  0.290 
           0.313  0.313  0.306  0.311  0.321  0.313  0.313  0.033 
A5             0.845  0.208  0.210  0.248  0.192  0.232  0.296  0.235 
           0.214  0.176  0.250  0.224  0.256  0.136  0.144  0.216 
           0.264  0.204  0.265  0.248  0.232  0.168  0.240  0.208 
           0.184  0.224  0.200  0.184  0.184  0.192  0.192  0.224 
           0.168  0.176  0.231  0.195  0.176  0.184  0.226  0.208 
           0.176  0.194  0.245  0.276  0.224  0.224  0.265  0.286 
           0.224  0.000  0.224  0.208  0.176  0.195  0.200  0.152 
           0.168  0.120  0.168  0.144  0.208  0.139  0.208  0.216 
           0.200  0.216  0.208  0.208  0.204  0.242  0.214  0.255 
           0.214  0.286  0.232  0.208  0.160  0.200  0.208  0.216 
           0.208  0.216  0.224  0.184  0.224  0.208  0.208  0.000 
mPGPb4         0.845  0.351  0.301  0.279  0.227  0.253  0.307  0.227 
           0.219  0.277  0.312  0.292  0.238  0.254  0.252  0.265 
           0.242  0.278  0.320  0.329  0.316  0.284  0.273  0.239 
           0.187  0.211  0.194  0.181  0.181  0.187  0.187  0.211 
           0.168  0.174  0.253  0.289  0.200  0.266  0.273  0.213 
           0.206  0.125  0.211  0.258  0.297  0.315  0.323  0.370 
           0.312  0.224  0.000  0.013  0.151  0.240  0.194  0.181 
           0.194  0.239  0.239  0.245  0.213  0.217  0.266  0.271 
           0.142  0.196  0.279  0.286  0.227  0.306  0.227  0.283 
           0.242  0.336  0.294  0.266  0.181  0.219  0.214  0.266 
           0.234  0.279  0.292  0.181  0.260  0.273  0.273  0.018 
OAT3-82        0.859  0.344  0.287  0.266  0.214  0.240  0.291  0.211 
           0.203  0.265  0.299  0.279  0.225  0.238  0.239  0.258 
           0.235  0.262  0.305  0.316  0.303  0.271  0.260  0.226 
           0.174  0.195  0.181  0.168  0.168  0.174  0.174  0.195 
           0.155  0.161  0.232  0.273  0.187  0.253  0.260  0.200 
           0.194  0.109  0.195  0.242  0.281  0.299  0.307  0.354 
           0.297  0.208  0.013  0.000  0.138  0.227  0.181  0.168 
           0.181  0.226  0.226  0.232  0.200  0.204  0.253  0.265 
           0.129  0.183  0.266  0.273  0.211  0.290  0.211  0.268 
           0.227  0.320  0.287  0.253  0.168  0.206  0.201  0.253 
           0.221  0.266  0.279  0.168  0.247  0.260  0.260  0.018 
mPGPA7         0.845  0.289  0.279  0.219  0.159  0.192  0.234  0.175 
           0.167  0.242  0.243  0.258  0.211  0.208  0.196  0.209 
           0.224  0.262  0.222  0.275  0.261  0.203  0.230  0.176 
           0.132  0.152  0.145  0.132  0.132  0.138  0.138  0.152 
           0.118  0.125  0.151  0.227  0.131  0.209  0.257  0.157 
           0.163  0.120  0.127  0.167  0.246  0.248  0.240  0.312 
           0.270  0.176  0.151  0.138  0.000  0.185  0.157  0.131 
           0.144  0.196  0.203  0.216  0.163  0.173  0.211  0.222 
           0.151  0.159  0.211  0.230  0.175  0.238  0.175  0.224 
           0.183  0.270  0.256  0.204  0.111  0.163  0.171  0.217 
           0.191  0.217  0.243  0.118  0.211  0.211  0.217  0.035 
OAT3-15        0.870  0.293  0.299  0.248  0.235  0.242  0.295  0.298 
           0.290  0.252  0.240  0.195  0.267  0.234  0.219  0.225 
           0.280  0.258  0.282  0.225  0.212  0.179  0.247  0.285 
           0.227  0.268  0.247  0.233  0.233  0.240  0.240  0.268 
           0.220  0.227  0.247  0.190  0.219  0.192  0.247  0.232 
           0.252  0.252  0.226  0.282  0.194  0.236  0.220  0.244 
           0.250  0.195  0.240  0.227  0.185  0.000  0.245  0.225 
           0.238  0.192  0.199  0.212  0.245  0.182  0.220  0.212 
           0.240  0.235  0.207  0.220  0.298  0.242  0.282  0.301 
           0.306  0.242  0.244  0.220  0.212  0.245  0.227  0.200 
           0.260  0.233  0.220  0.225  0.193  0.227  0.227  0.035 
OAT3-22        0.859  0.342  0.294  0.240  0.188  0.227  0.260  0.222 
           0.215  0.278  0.304  0.299  0.224  0.254  0.247  0.242 
           0.260  0.308  0.304  0.282  0.282  0.265  0.248  0.228 
           0.187  0.203  0.174  0.161  0.161  0.168  0.168  0.203 
           0.174  0.181  0.206  0.250  0.179  0.258  0.267  0.185 
           0.185  0.164  0.230  0.244  0.313  0.306  0.291  0.336 
           0.311  0.200  0.194  0.181  0.157  0.245  0.000  0.204 
           0.191  0.241  0.222  0.241  0.185  0.239  0.266  0.296 
           0.187  0.176  0.280  0.280  0.200  0.290  0.230  0.261 
           0.215  0.333  0.294  0.267  0.154  0.210  0.230  0.259 
           0.248  0.267  0.286  0.167  0.255  0.261  0.261  0.053 
OAT3-26        0.845  0.304  0.221  0.221  0.156  0.182  0.228  0.170 
           0.170  0.265  0.292  0.268  0.217  0.200  0.210  0.267 
           0.234  0.271  0.289  0.256  0.244  0.241  0.248  0.216 
           0.123  0.133  0.129  0.116  0.116  0.123  0.123  0.133 
           0.103  0.110  0.206  0.211  0.191  0.200  0.261  0.191 
           0.154  0.172  0.230  0.222  0.269  0.269  0.284  0.299 
           0.289  0.152  0.181  0.168  0.131  0.225  0.204  0.000 
           0.012  0.204  0.235  0.235  0.167  0.189  0.209  0.241 
           0.168  0.176  0.224  0.248  0.185  0.252  0.185  0.224 
           0.170  0.333  0.243  0.217  0.154  0.198  0.199  0.228 
           0.186  0.230  0.242  0.142  0.224  0.230  0.224  0.018 
OAT3-50        0.845  0.317  0.235  0.234  0.169  0.195  0.228  0.170 
           0.170  0.253  0.280  0.255  0.204  0.215  0.222  0.255 
           0.234  0.271  0.289  0.244  0.244  0.228  0.236  0.210 
           0.135  0.133  0.116  0.103  0.103  0.110  0.110  0.133 
           0.116  0.123  0.206  0.227  0.179  0.213  0.248  0.191 
           0.142  0.172  0.230  0.222  0.269  0.269  0.284  0.299 
           0.289  0.168  0.194  0.181  0.144  0.238  0.191  0.012 
           0.000  0.216  0.247  0.247  0.167  0.201  0.222  0.253 
           0.181  0.190  0.236  0.261  0.185  0.252  0.185  0.224 
           0.170  0.333  0.257  0.230  0.167  0.210  0.211  0.241 
           0.199  0.242  0.255  0.154  0.236  0.242  0.236  0.053 
OAT3-14        0.859  0.298  0.228  0.201  0.214  0.227  0.276  0.237 
           0.215  0.198  0.267  0.242  0.270  0.123  0.142  0.217 
           0.299  0.241  0.237  0.237  0.224  0.235  0.230  0.259 
           0.226  0.242  0.232  0.219  0.219  0.226  0.226  0.258 
           0.206  0.213  0.255  0.180  0.235  0.187  0.255  0.241 
           0.216  0.227  0.281  0.281  0.254  0.261  0.261  0.299 
           0.252  0.120  0.239  0.226  0.196  0.192  0.241  0.204 
           0.216  0.000  0.148  0.148  0.228  0.182  0.215  0.259 
           0.219  0.229  0.242  0.230  0.244  0.252  0.230  0.291 
           0.274  0.319  0.243  0.224  0.198  0.235  0.248  0.215 
           0.242  0.236  0.242  0.204  0.242  0.224  0.217  0.018 
OAT3-31        0.859  0.298  0.272  0.227  0.247  0.253  0.307  0.281 
           0.259  0.235  0.296  0.259  0.276  0.162  0.167  0.204 
           0.299  0.301  0.222  0.250  0.237  0.276  0.273  0.278 
           0.226  0.242  0.232  0.219  0.219  0.226  0.226  0.242 
           0.206  0.213  0.245  0.211  0.267  0.226  0.296  0.247 
           0.241  0.242  0.285  0.281  0.291  0.299  0.291  0.321 
           0.281  0.168  0.239  0.226  0.203  0.199  0.222  0.235 
           0.247  0.148  0.000  0.154  0.241  0.208  0.247  0.253 
           0.232  0.229  0.273  0.265  0.289  0.298  0.274  0.313 
           0.296  0.304  0.235  0.248  0.216  0.235  0.242  0.253 
           0.261  0.248  0.267  0.204  0.224  0.255  0.261  0.018 
OAT3-35        0.859  0.311  0.243  0.221  0.240  0.247  0.299  0.289 
           0.274  0.228  0.298  0.236  0.296  0.154  0.173  0.236 
           0.312  0.278  0.252  0.231  0.218  0.247  0.261  0.284 
           0.258  0.297  0.271  0.258  0.258  0.265  0.265  0.297 
           0.245  0.252  0.275  0.172  0.265  0.226  0.267  0.259 
           0.222  0.258  0.304  0.311  0.269  0.269  0.299  0.321 
           0.289  0.144  0.245  0.232  0.216  0.212  0.241  0.235 
           0.247  0.148  0.154  0.000  0.241  0.189  0.234  0.259 
           0.226  0.222  0.255  0.242  0.274  0.282  0.252  0.306 
           0.281  0.319  0.257  0.230  0.210  0.247  0.261  0.247 
           0.242  0.255  0.261  0.241  0.248  0.230  0.242  0.018 
OAT3-54        0.859  0.311  0.265  0.234  0.182  0.208  0.236  0.185 
           0.193  0.272  0.280  0.274  0.230  0.231  0.210  0.267 
           0.260  0.278  0.289  0.256  0.244  0.259  0.242  0.204 
           0.200  0.227  0.200  0.187  0.187  0.194  0.194  0.227 
           0.187  0.194  0.225  0.211  0.204  0.219  0.248  0.185 
           0.179  0.203  0.252  0.267  0.284  0.284  0.313  0.321 
           0.296  0.208  0.213  0.200  0.163  0.245  0.185  0.167 
           0.167  0.228  0.241  0.241  0.000  0.226  0.241  0.278 
           0.097  0.203  0.242  0.255  0.222  0.298  0.200  0.246 
           0.215  0.326  0.272  0.230  0.191  0.216  0.205  0.228 
           0.211  0.236  0.248  0.173  0.261  0.255  0.261  0.035 
OAT3-55        0.845  0.310  0.216  0.212  0.205  0.219  0.266  0.250 
           0.227  0.239  0.264  0.208  0.248  0.181  0.195  0.228 
           0.272  0.285  0.273  0.216  0.203  0.195  0.253  0.252 
           0.217  0.248  0.224  0.211  0.211  0.217  0.217  0.232 
           0.197  0.204  0.263  0.173  0.208  0.171  0.266  0.239 
           0.182  0.200  0.273  0.295  0.206  0.275  0.290  0.290 
           0.235  0.139  0.217  0.204  0.173  0.182  0.239  0.189 
           0.201  0.182  0.208  0.189  0.226  0.000  0.206  0.233 
           0.204  0.207  0.234  0.222  0.227  0.168  0.212  0.260 
           0.258  0.288  0.233  0.190  0.189  0.233  0.234  0.206 
           0.234  0.222  0.247  0.214  0.253  0.222  0.222  0.018 
OAT3-62        0.887  0.210  0.237  0.255  0.235  0.235  0.278  0.260 
           0.260  0.278  0.280  0.216  0.289  0.248  0.234  0.280 
           0.288  0.240  0.290  0.232  0.219  0.234  0.203  0.272 
           0.240  0.283  0.260  0.247  0.247  0.253  0.253  0.291 
           0.234  0.240  0.265  0.189  0.247  0.208  0.197  0.253 
           0.234  0.268  0.260  0.290  0.215  0.176  0.191  0.267 
           0.275  0.208  0.266  0.253  0.211  0.220  0.266  0.209 
           0.222  0.215  0.247  0.234  0.241  0.206  0.000  0.234 
           0.234  0.257  0.158  0.152  0.252  0.172  0.275  0.275 
           0.290  0.252  0.237  0.139  0.228  0.266  0.241  0.155 
           0.222  0.158  0.196  0.228  0.171  0.158  0.158  0.018 
OAT3-86        0.859  0.335  0.309  0.279  0.253  0.260  0.315  0.311 
           0.296  0.302  0.273  0.223  0.283  0.229  0.258  0.255 
           0.299  0.316  0.333  0.244  0.231  0.228  0.311  0.284 
           0.258  0.305  0.271  0.258  0.258  0.265  0.265  0.305 
           0.245  0.252  0.324  0.180  0.265  0.213  0.311  0.272 
           0.272  0.289  0.296  0.311  0.201  0.284  0.299  0.321 
           0.252  0.216  0.271  0.265  0.222  0.212  0.296  0.241 
           0.253  0.259  0.253  0.259  0.278  0.233  0.234  0.000 
           0.245  0.261  0.273  0.261  0.311  0.298  0.311  0.321 
           0.333  0.281  0.080  0.248  0.265  0.290  0.273  0.253 
           0.286  0.280  0.286  0.228  0.255  0.255  0.267  0.018 
mPGPb3         0.859  0.318  0.287  0.234  0.182  0.208  0.244  0.188 
           0.195  0.265  0.266  0.266  0.219  0.215  0.219  0.252 
           0.242  0.238  0.297  0.297  0.284  0.252  0.253  0.206 
           0.187  0.219  0.200  0.187  0.187  0.194  0.194  0.219 
           0.174  0.181  0.232  0.227  0.194  0.240  0.240  0.194 
           0.187  0.125  0.203  0.258  0.250  0.268  0.307  0.331 
           0.273  0.200  0.142  0.129  0.151  0.240  0.187  0.168 
           0.181  0.219  0.232  0.226  0.097  0.204  0.234  0.245 
           0.000  0.196  0.227  0.240  0.203  0.282  0.203  0.236 
           0.211  0.305  0.265  0.234  0.181  0.200  0.201  0.221 
           0.201  0.234  0.234  0.174  0.253  0.253  0.253  0.018 
OAT3-11        0.845  0.342  0.316  0.242  0.203  0.216  0.262  0.198 
           0.206  0.281  0.309  0.294  0.233  0.246  0.222  0.235 
           0.237  0.296  0.302  0.333  0.320  0.261  0.283  0.209 
           0.163  0.190  0.176  0.163  0.163  0.170  0.170  0.183 
           0.150  0.157  0.204  0.234  0.170  0.261  0.276  0.190 
           0.190  0.190  0.206  0.230  0.317  0.312  0.296  0.368 
           0.310  0.216  0.196  0.183  0.159  0.235  0.176  0.176 
           0.190  0.229  0.229  0.222  0.203  0.207  0.257  0.261 
           0.196  0.000  0.263  0.270  0.206  0.303  0.214  0.240 
           0.230  0.317  0.289  0.250  0.163  0.183  0.197  0.276 
           0.217  0.270  0.270  0.157  0.237  0.257  0.257  0.000 
mPGPb2         0.887  0.250  0.252  0.255  0.242  0.255  0.302  0.299 
           0.306  0.298  0.306  0.250  0.296  0.233  0.255  0.294 
           0.294  0.265  0.336  0.219  0.206  0.242  0.224  0.298 
           0.240  0.283  0.260  0.247  0.247  0.253  0.253  0.283 
           0.234  0.240  0.317  0.189  0.267  0.214  0.212  0.273 
           0.261  0.276  0.261  0.313  0.271  0.201  0.224  0.261 
           0.321  0.208  0.279  0.266  0.211  0.207  0.280  0.224 
           0.236  0.242  0.273  0.255  0.242  0.234  0.158  0.273 
           0.227  0.263  0.000  0.174  0.306  0.206  0.299  0.313 
           0.306  0.284  0.274  0.168  0.248  0.273  0.273  0.165 
           0.267  0.180  0.186  0.242  0.186  0.180  0.186  0.035 
OAT3-6         0.873  0.256  0.244  0.275  0.261  0.275  0.325  0.291 
           0.299  0.311  0.311  0.248  0.309  0.248  0.261  0.311 
           0.327  0.258  0.313  0.232  0.219  0.272  0.230  0.317 
           0.260  0.307  0.279  0.266  0.266  0.273  0.273  0.307 
           0.253  0.260  0.287  0.181  0.259  0.227  0.236  0.267 
           0.273  0.283  0.306  0.328  0.256  0.201  0.201  0.276 
           0.313  0.208  0.286  0.273  0.230  0.220  0.280  0.248 
           0.261  0.230  0.265  0.242  0.255  0.222  0.152  0.261 
           0.240  0.270  0.174  0.000  0.306  0.198  0.299  0.321 
           0.313  0.291  0.274  0.149  0.255  0.286  0.280  0.171 
           0.273  0.193  0.199  0.248  0.211  0.180  0.193  0.035 
OSCAr1-b4      0.851  0.381  0.294  0.268  0.205  0.244  0.244  0.178 
           0.170  0.281  0.321  0.300  0.264  0.272  0.259  0.306 
           0.268  0.263  0.304  0.310  0.310  0.296  0.269  0.215 
           0.219  0.203  0.203  0.195  0.195  0.195  0.195  0.203 
           0.195  0.203  0.225  0.267  0.170  0.266  0.299  0.215 
           0.170  0.109  0.222  0.230  0.291  0.284  0.306  0.299 
           0.289  0.204  0.227  0.211  0.175  0.298  0.200  0.185 
           0.185  0.244  0.289  0.274  0.222  0.227  0.252  0.311 
           0.203  0.206  0.306  0.306  0.000  0.275  0.185  0.224 
           0.207  0.319  0.312  0.284  0.119  0.230  0.269  0.282 
           0.231  0.291  0.313  0.200  0.299  0.276  0.276  0.033 
OSCA1.2A8      0.896  0.292  0.283  0.309  0.285  0.309  0.309  0.275 
           0.267  0.305  0.275  0.238  0.287  0.293  0.282  0.292 
           0.341  0.256  0.282  0.256  0.256  0.244  0.244  0.313 
           0.274  0.266  0.274  0.266  0.266  0.266  0.266  0.274 
           0.266  0.274  0.286  0.242  0.267  0.226  0.246  0.290 
           0.260  0.250  0.252  0.305  0.208  0.198  0.229  0.290 
           0.290  0.242  0.306  0.290  0.238  0.242  0.290  0.252 
           0.252  0.252  0.298  0.282  0.298  0.168  0.172  0.298 
           0.282  0.303  0.206  0.198  0.275  0.000  0.267  0.275 
           0.290  0.267  0.314  0.168  0.275  0.321  0.298  0.188 
           0.260  0.206  0.260  0.267  0.252  0.107  0.107  0.033 
ABCC9d3        0.866  0.358  0.266  0.268  0.205  0.236  0.236  0.178 
           0.170  0.267  0.321  0.308  0.240  0.252  0.252  0.284 
           0.291  0.271  0.252  0.302  0.302  0.289  0.261  0.237 
           0.211  0.195  0.195  0.188  0.188  0.188  0.188  0.195 
           0.188  0.195  0.186  0.267  0.207  0.250  0.291  0.200 
           0.126  0.164  0.230  0.237  0.291  0.269  0.291  0.321 
           0.281  0.214  0.227  0.211  0.175  0.282  0.230  0.185 
           0.185  0.230  0.274  0.252  0.200  0.212  0.275  0.311 
           0.203  0.214  0.299  0.299  0.185  0.267  0.000  0.239 
           0.207  0.326  0.321  0.269  0.170  0.230  0.254  0.282 
           0.224  0.269  0.306  0.193  0.306  0.284  0.269  0.033 
FluoresceinA8  0.851  0.383  0.315  0.278  0.206  0.238  0.238  0.216 
           0.209  0.321  0.338  0.295  0.136  0.314  0.291  0.301 
           0.270  0.326  0.328  0.297  0.297  0.321  0.291  0.261 
           0.260  0.236  0.244  0.236  0.236  0.236  0.236  0.244 
           0.236  0.244  0.287  0.280  0.254  0.276  0.301  0.246 
           0.231  0.236  0.261  0.276  0.293  0.299  0.313  0.343 
           0.306  0.255  0.283  0.268  0.224  0.301  0.261  0.224 
           0.224  0.291  0.313  0.306  0.246  0.260  0.275  0.321 
           0.236  0.240  0.313  0.321  0.224  0.275  0.239  0.000 
           0.231  0.328  0.324  0.276  0.246  0.269  0.157  0.275 
           0.194  0.306  0.321  0.231  0.306  0.276  0.276  0.033 
ABCC9d5        0.851  0.381  0.321  0.260  0.205  0.228  0.228  0.200 
           0.200  0.296  0.328  0.323  0.248  0.282  0.267  0.291 
           0.315  0.293  0.304  0.318  0.318  0.304  0.284  0.170 
           0.219  0.219  0.219  0.211  0.211  0.211  0.211  0.219 
           0.211  0.219  0.216  0.277  0.244  0.281  0.313  0.222 
           0.200  0.195  0.237  0.267  0.313  0.284  0.299  0.336 
           0.304  0.214  0.242  0.227  0.183  0.306  0.215  0.170 
           0.170  0.274  0.296  0.281  0.215  0.258  0.290  0.333 
           0.211  0.230  0.306  0.313  0.207  0.290  0.207  0.231 
           0.000  0.333  0.349  0.284  0.215  0.252  0.254  0.290 
           0.254  0.306  0.313  0.200  0.306  0.291  0.284  0.033 
oscar1b4       0.896  0.351  0.367  0.339  0.323  0.339  0.331  0.326 
           0.333  0.326  0.306  0.223  0.288  0.311  0.319  0.299 
           0.354  0.271  0.348  0.279  0.279  0.252  0.291  0.326 
           0.312  0.305  0.312  0.305  0.305  0.305  0.305  0.312 
           0.305  0.312  0.314  0.257  0.296  0.281  0.284  0.319 
           0.326  0.266  0.289  0.319  0.239  0.239  0.254  0.306 
           0.304  0.286  0.336  0.320  0.270  0.242  0.333  0.333 
           0.333  0.319  0.304  0.319  0.326  0.288  0.252  0.281 
           0.305  0.317  0.284  0.291  0.319  0.267  0.326  0.328 
           0.333  0.000  0.330  0.254  0.304  0.348  0.306  0.267 
           0.328  0.284  0.284  0.311  0.254  0.284  0.261  0.033 
OAT3-20        0.859  0.259  0.268  0.294  0.265  0.272  0.339  0.294 
           0.275  0.331  0.289  0.257  0.326  0.252  0.248  0.279 
           0.321  0.336  0.339  0.257  0.243  0.243  0.326  0.324 
           0.257  0.321  0.272  0.257  0.257  0.265  0.265  0.312 
           0.243  0.250  0.329  0.157  0.294  0.222  0.289  0.287 
           0.272  0.321  0.312  0.321  0.229  0.315  0.324  0.333 
           0.294  0.232  0.294  0.287  0.256  0.244  0.294  0.243 
           0.257  0.243  0.235  0.257  0.272  0.233  0.237  0.080 
           0.265  0.289  0.274  0.274  0.312  0.314  0.321  0.324 
           0.349  0.330  0.000  0.252  0.265  0.279  0.267  0.267 
           0.267  0.281  0.281  0.243  0.259  0.259  0.259  0.027 
E2             0.873  0.250  0.244  0.248  0.242  0.255  0.302  0.269 
           0.276  0.280  0.287  0.231  0.270  0.233  0.224  0.269 
           0.301  0.265  0.284  0.226  0.213  0.248  0.205  0.273 
           0.247  0.283  0.260  0.247  0.247  0.253  0.253  0.283 
           0.234  0.240  0.297  0.181  0.248  0.227  0.200  0.273 
           0.248  0.268  0.284  0.299  0.248  0.209  0.201  0.299 
           0.284  0.208  0.266  0.253  0.204  0.220  0.267  0.217 
           0.230  0.224  0.248  0.230  0.230  0.190  0.139  0.248 
           0.234  0.250  0.168  0.149  0.284  0.168  0.269  0.276 
           0.284  0.254  0.252  0.000  0.230  0.236  0.242  0.177 
           0.230  0.180  0.199  0.230  0.180  0.161  0.161  0.018 
mPGPA4         0.845  0.304  0.235  0.227  0.175  0.208  0.252  0.193 
           0.185  0.253  0.304  0.274  0.217  0.200  0.210  0.255 
           0.227  0.256  0.281  0.276  0.263  0.253  0.248  0.216 
           0.161  0.180  0.168  0.155  0.155  0.161  0.161  0.180 
           0.142  0.148  0.186  0.211  0.130  0.213  0.267  0.179 
           0.167  0.094  0.207  0.207  0.299  0.291  0.276  0.321 
           0.296  0.160  0.181  0.168  0.111  0.212  0.154  0.154 
           0.167  0.198  0.216  0.210  0.191  0.189  0.228  0.265 
           0.181  0.163  0.248  0.255  0.119  0.275  0.170  0.246 
           0.215  0.304  0.265  0.230  0.000  0.173  0.199  0.228 
           0.211  0.236  0.255  0.142  0.236  0.242  0.242  0.018 
mPGPA5         0.845  0.354  0.294  0.234  0.195  0.234  0.283  0.244 
           0.230  0.278  0.335  0.318  0.237  0.231  0.235  0.280 
           0.260  0.316  0.311  0.308  0.295  0.302  0.280  0.241 
           0.200  0.227  0.213  0.200  0.200  0.206  0.206  0.234 
           0.187  0.194  0.265  0.258  0.210  0.265  0.298  0.228 
           0.216  0.195  0.259  0.252  0.343  0.336  0.306  0.351 
           0.319  0.200  0.219  0.206  0.163  0.245  0.210  0.198 
           0.210  0.235  0.235  0.247  0.216  0.233  0.266  0.290 
           0.200  0.183  0.273  0.286  0.230  0.321  0.230  0.269 
           0.252  0.348  0.279  0.236  0.173  0.000  0.211  0.272 
           0.217  0.280  0.286  0.179  0.255  0.267  0.267  0.018 
mPGPb1         0.845  0.319  0.274  0.235  0.183  0.203  0.246  0.246 
           0.239  0.298  0.331  0.288  0.138  0.256  0.248  0.256 
           0.235  0.326  0.313  0.284  0.271  0.298  0.273  0.267 
           0.201  0.220  0.208  0.195  0.195  0.201  0.201  0.228 
           0.182  0.188  0.277  0.244  0.236  0.247  0.287  0.211 
           0.211  0.213  0.246  0.254  0.308  0.306  0.291  0.343 
           0.321  0.208  0.214  0.201  0.171  0.227  0.230  0.199 
           0.211  0.248  0.242  0.261  0.205  0.234  0.241  0.273 
           0.201  0.197  0.273  0.280  0.269  0.298  0.254  0.157 
           0.254  0.306  0.267  0.242  0.199  0.211  0.000  0.247 
           0.193  0.261  0.280  0.186  0.236  0.248  0.255  0.018 
mPGPb5         0.887  0.236  0.252  0.268  0.248  0.255  0.302  0.275 
           0.282  0.291  0.287  0.250  0.283  0.248  0.241  0.291 
           0.288  0.233  0.305  0.239  0.226  0.247  0.196  0.278 
           0.247  0.291  0.266  0.253  0.253  0.260  0.260  0.299 
           0.240  0.247  0.296  0.189  0.259  0.208  0.210  0.247 
           0.253  0.276  0.282  0.305  0.237  0.191  0.229  0.290 
           0.290  0.216  0.266  0.253  0.217  0.200  0.259  0.228 
           0.241  0.215  0.253  0.247  0.228  0.206  0.155  0.253 
           0.221  0.276  0.165  0.171  0.282  0.188  0.282  0.275 
           0.290  0.267  0.267  0.177  0.228  0.272  0.247  0.000 
           0.241  0.177  0.184  0.247  0.203  0.177  0.177  0.018 
mPGPb7         0.845  0.319  0.259  0.255  0.196  0.222  0.270  0.209 
           0.201  0.286  0.319  0.288  0.197  0.248  0.255  0.306 
           0.261  0.333  0.321  0.277  0.265  0.292  0.267  0.248 
           0.214  0.236  0.221  0.208  0.208  0.214  0.214  0.244 
           0.195  0.201  0.257  0.244  0.242  0.240  0.269  0.236 
           0.211  0.236  0.276  0.284  0.308  0.291  0.328  0.343 
           0.313  0.208  0.234  0.221  0.191  0.260  0.248  0.186 
           0.199  0.242  0.261  0.242  0.211  0.234  0.222  0.286 
           0.201  0.217  0.267  0.273  0.231  0.260  0.224  0.194 
           0.254  0.328  0.267  0.230  0.211  0.217  0.193  0.241 
           0.000  0.248  0.267  0.205  0.267  0.211  0.217  0.018 
OAT3-29        0.887  0.250  0.237  0.268  0.248  0.261  0.310  0.284 
           0.291  0.304  0.300  0.250  0.289  0.256  0.255  0.287 
           0.301  0.288  0.313  0.232  0.219  0.267  0.217  0.298 
           0.253  0.299  0.273  0.260  0.260  0.266  0.266  0.299 
           0.247  0.253  0.307  0.213  0.267  0.214  0.225  0.248 
           0.255  0.283  0.313  0.299  0.278  0.231  0.239  0.291 
           0.313  0.216  0.279  0.266  0.217  0.233  0.267  0.230 
           0.242  0.236  0.248  0.255  0.236  0.222  0.158  0.280 
           0.234  0.270  0.180  0.193  0.291  0.206  0.269  0.306 
           0.306  0.284  0.281  0.180  0.236  0.280  0.261  0.177 
           0.248  0.000  0.211  0.248  0.186  0.186  0.180  0.018 
OAT3-46        0.887  0.287  0.274  0.261  0.248  0.268  0.317  0.313 
           0.321  0.292  0.306  0.256  0.303  0.256  0.255  0.281 
           0.320  0.280  0.336  0.245  0.232  0.267  0.242  0.317 
           0.266  0.315  0.286  0.273  0.273  0.279  0.279  0.315 
           0.260  0.266  0.327  0.205  0.292  0.234  0.200  0.286 
           0.261  0.291  0.336  0.313  0.293  0.254  0.261  0.276 
           0.306  0.224  0.292  0.279  0.243  0.220  0.286  0.242 
           0.255  0.242  0.267  0.261  0.248  0.247  0.196  0.286 
           0.234  0.270  0.186  0.199  0.313  0.260  0.306  0.321 
           0.313  0.284  0.281  0.199  0.255  0.286  0.280  0.184 
           0.267  0.211  0.000  0.261  0.211  0.205  0.211  0.018 
OAT3-63        0.859  0.304  0.250  0.214  0.149  0.188  0.228  0.163 
           0.156  0.284  0.292  0.287  0.204  0.223  0.210  0.248 
           0.240  0.278  0.281  0.288  0.276  0.272  0.255  0.204 
           0.155  0.172  0.161  0.148  0.148  0.155  0.155  0.172 
           0.135  0.142  0.167  0.219  0.173  0.213  0.261  0.173 
           0.160  0.156  0.163  0.200  0.284  0.284  0.261  0.336 
           0.311  0.184  0.181  0.168  0.118  0.225  0.167  0.142 
           0.154  0.204  0.204  0.241  0.173  0.214  0.228  0.228 
           0.174  0.157  0.242  0.248  0.200  0.267  0.193  0.231 
           0.200  0.311  0.243  0.230  0.142  0.179  0.186  0.247 
           0.205  0.248  0.261  0.000  0.230  0.224  0.217  0.018 
B1             0.873  0.269  0.267  0.255  0.242  0.255  0.302  0.276 
           0.291  0.304  0.312  0.256  0.270  0.264  0.248  0.250 
           0.288  0.288  0.313  0.239  0.226  0.273  0.230  0.292 
           0.227  0.268  0.247  0.234  0.234  0.240  0.240  0.268 
           0.221  0.227  0.287  0.213  0.267  0.240  0.244  0.248 
           0.255  0.260  0.284  0.261  0.286  0.239  0.209  0.299 
           0.321  0.224  0.260  0.247  0.211  0.193  0.255  0.224 
           0.236  0.242  0.224  0.248  0.261  0.253  0.171  0.255 
           0.253  0.237  0.186  0.211  0.299  0.252  0.306  0.306 
           0.306  0.254  0.259  0.180  0.236  0.255  0.236  0.203 
           0.267  0.186  0.211  0.230  0.000  0.211  0.211  0.018 
C3             0.887  0.231  0.230  0.255  0.235  0.255  0.310  0.284 
           0.276  0.292  0.275  0.250  0.276  0.248  0.248  0.287 
           0.314  0.273  0.284  0.245  0.232  0.261  0.230  0.292 
           0.247  0.291  0.266  0.253  0.253  0.260  0.260  0.299 
           0.240  0.247  0.277  0.189  0.267  0.214  0.206  0.255 
           0.242  0.276  0.261  0.306  0.256  0.201  0.231  0.291 
           0.313  0.208  0.273  0.260  0.211  0.227  0.261  0.230 
           0.242  0.224  0.255  0.230  0.255  0.222  0.158  0.255 
           0.253  0.257  0.180  0.180  0.276  0.107  0.284  0.276 
           0.291  0.284  0.259  0.161  0.242  0.267  0.248  0.177 
           0.211  0.186  0.205  0.224  0.211  0.000  0.087  0.018 
H2             0.887  0.250  0.230  0.255  0.235  0.255  0.310  0.291 
           0.284  0.286  0.281  0.250  0.270  0.248  0.248  0.287 
           0.314  0.258  0.291  0.245  0.232  0.248  0.236  0.292 
           0.240  0.283  0.260  0.247  0.247  0.253  0.253  0.291 
           0.234  0.240  0.257  0.189  0.267  0.208  0.212  0.267 
           0.248  0.276  0.269  0.313  0.256  0.201  0.231  0.284 
           0.313  0.208  0.273  0.260  0.217  0.227  0.261  0.224 
           0.236  0.217  0.261  0.242  0.261  0.222  0.158  0.267 
           0.253  0.257  0.186  0.193  0.276  0.107  0.269  0.276 
           0.284  0.261  0.259  0.161  0.242  0.267  0.255  0.177 
           0.217  0.180  0.211  0.217  0.211  0.087  0.000  0.018 
mPGPc7         0.917  0.211  0.152  0.036  0.018  0.018  0.036  0.033 
           0.033  0.123  0.105  0.073  0.123  0.029  0.018  0.088 
           0.105  0.100  0.067  0.105  0.070  0.070  0.088  0.088 
           0.054  0.103  0.125  0.089  0.089  0.107  0.107  0.103 
           0.054  0.071  0.043  0.053  0.070  0.053  0.070  0.070 
           0.070  0.034  0.067  0.033  0.033  0.033  0.033  0.033 
           0.033  0.000  0.018  0.018  0.035  0.035  0.053  0.018 
           0.053  0.018  0.018  0.018  0.035  0.018  0.018  0.018 
           0.018  0.000  0.035  0.035  0.033  0.033  0.033  0.033 
           0.033  0.033  0.027  0.018  0.018  0.018  0.018  0.018 
           0.018  0.018  0.018  0.018  0.018  0.018  0.018  0.000 